0	0	0	0	0	0
1	0	0	0	0	0
2	0	0	0	0	0
3	127	127	0	0	0
4	554	554	0	0	0
5	437	437	0	0	0
6	376	376	0	0	0
7	0	0	0	0	0
8	249	249	0	0	0
9	249	249	0	0	0
10	0	0	0	0	0
11	315	315	0	0	0
12	315	315	0	0	0
13	376	376	0	0	0
14	249	249	0	0	0
15	625	625	0	0	0
16	4828	564	4264	0	0
17	808	808	0	0	0
18	6777	381	6396	0	0
19	2884	752	2132	0	0
20	12637	1977	10660	0	0
21	2889	757	2132	0	0
22	6546	2282	4264	0	0
23	14352	1560	12792	0	0
24	4007	1875	2132	0	0
25	15338	2546	12792	0	0
26	9341	813	8528	0	0
27	24649	3329	21320	0	0
28	12327	1667	10660	0	0
29	21432	4376	17056	0	0
30	23353	2033	21320	0	0
31	7415	3151	4264	0	0
32	17399	2475	14924	0	0
33	12716	4188	8528	0	0
34	13806	3146	10660	0	0
35	34961	5113	29848	0	0
36	25991	4671	21320	0	0
37	24649	3329	21320	0	0
38	12668	6272	6396	0	0
39	11674	3146	8528	0	0
40	26720	3268	23452	0	0
41	14660	4000	10660	0	0
42	18685	3761	14924	0	0
43	22108	5052	17056	0	0
44	17407	4615	12792	0	0
45	38239	4127	34112	0	0
46	22347	5291	17056	0	0
47	21854	4798	17056	0	0
48	15092	4432	10660	0	0
49	13082	4554	8528	0	0
50	17224	4432	12792	0	0
51	7235	5103	2132	0	0
52	29284	3700	25584	0	0
53	37818	7970	29848	0	0
54	23554	4366	19188	0	0
55	27775	6455	21320	0	0
56	27579	4127	23452	0	0
57	15580	4920	10660	0	0
58	20398	5474	14924	0	0
59	16386	7858	8528	0	0
60	34100	6384	27716	0	0
61	15349	6821	8528	0	0
62	33251	5535	27716	0	0
63	25933	6745	19188	0	0
64	39411	7431	31980	0	0
65	30146	6694	23452	0	0
66	39525	5413	34112	0	0
67	47884	11640	36244	0	0
68	19735	6943	12792	0	0
69	33259	7675	25584	0	0
70	55484	8580	46904	0	0
71	38438	8590	29848	0	0
72	39043	9195	29848	0	0
73	33259	7675	25584	0	0
74	61885	8585	53300	0	0
75	42034	10054	31980	0	0
76	56038	9134	46904	0	0
77	36062	8346	27716	0	0
78	25516	6328	19188	0	0
79	28937	9749	19188	0	0
80	62561	9261	53300	0	0
81	39348	9500	29848	0	0
82	45259	11147	34112	0	0
83	47027	8651	38376	0	0
84	52145	9505	42640	0	0
85	35079	9495	25584	0	0
86	48009	13897	34112	0	0
87	45073	8829	36244	0	0
88	51599	11091	40508	0	0
89	52209	11701	40508	0	0
90	63110	9810	53300	0	0
91	65248	14080	51168	0	0
92	63540	12372	51168	0	0
93	35206	9622	25584	0	0
94	42398	12550	29848	0	0
95	73829	12001	61828	0	0
96	50984	10476	40508	0	0
97	62010	10842	51168	0	0
98	70114	12550	57564	0	0
99	63238	14202	49036	0	0
100	60058	8890	51168	0	0
101	73710	14014	59696	0	0
102	84375	14019	70356	0	0
103	44047	12067	31980	0	0
104	68290	14990	53300	0	0
105	48189	11945	36244	0	0
106	56418	15910	40508	0	0
107	55866	13226	42640	0	0
108	65977	12677	53300	0	0
109	50992	12616	38376	0	0
110	42221	16637	25584	0	0
111	56712	11940	44772	0	0
112	77250	15422	61828	0	0
113	38126	10410	27716	0	0
114	72923	17491	55432	0	0
115	47638	13526	34112	0	0
116	47034	17186	29848	0	0
117	79687	15727	63960	0	0
118	56842	14202	42640	0	0
119	54893	14385	40508	0	0
120	42104	16520	25584	0	0
121	85346	14990	70356	0	0
122	63119	16215	46904	0	0
123	67996	18960	49036	0	0
124	94672	15788	78884	0	0
125	58855	16215	42640	0	0
126	49964	17984	31980	0	0
127	91495	12611	78884	0	0
128	65623	20851	44772	0	0
129	72543	10715	61828	0	0
130	43566	20114	23452	0	0
131	73045	17613	55432	0	0
132	82063	15971	66092	0	0
133	43626	15910	27716	0	0
134	101440	20424	81016	0	0
135	58184	15544	42640	0	0
136	67081	18045	49036	0	0
137	104786	17374	87412	0	0
138	50940	18960	31980	0	0
139	63419	16515	46904	0	0
140	74514	19082	55432	0	0
141	79809	15849	63960	0	0
142	73660	18228	55432	0	0
143	44913	21461	23452	0	0
144	105701	18289	87412	0	0
145	61539	18899	42640	0	0
146	70189	19021	51168	0	0
147	75545	15849	59696	0	0
148	66111	21339	44772	0	0
149	62756	17984	44772	0	0
150	67694	20790	46904	0	0
151	108501	16825	91676	0	0
152	55867	17491	38376	0	0
153	42290	18838	23452	0	0
154	94803	22315	72488	0	0
155	49113	19265	29848	0	0
156	100949	17801	83148	0	0
157	59393	12489	46904	0	0
158	58496	24384	34112	0	0
159	66347	19443	46904	0	0
160	78476	20912	57564	0	0
161	98393	19509	78884	0	0
162	71166	24262	46904	0	0
163	50940	18960	31980	0	0
164	115019	16947	98072	0	0
165	46069	20485	25584	0	0
166	69036	22132	46904	0	0
167	81756	17796	63960	0	0
168	72571	23535	49036	0	0
169	77497	17801	59696	0	0
170	73053	19753	53300	0	0
171	66769	19865	46904	0	0
172	64897	24389	40508	0	0
173	56729	20485	36244	0	0
174	101010	17862	83148	0	0
175	62704	24328	38376	0	0
176	80791	21095	59696	0	0
177	77927	20363	57564	0	0
178	52338	20358	31980	0	0
179	90536	20180	70356	0	0
180	75970	18406	57564	0	0
181	66106	21334	44772	0	0
182	70381	25609	44772	0	0
183	58074	23962	34112	0	0
184	96810	20058	76752	0	0
185	58376	22132	36244	0	0
186	73120	24084	49036	0	0
187	93520	23164	70356	0	0
188	58792	18284	40508	0	0
189	59882	17242	42640	0	0
190	74509	19077	55432	0	0
191	58541	20165	38376	0	0
192	45879	22427	23452	0	0
193	62521	24145	38376	0	0
194	100340	21456	78884	0	0
195	58074	23962	34112	0	0
196	71834	22798	49036	0	0
197	68907	24135	44772	0	0
198	64767	22127	42640	0	0
199	83101	21273	61828	0	0
200	90963	20607	70356	0	0
201	71839	22803	49036	0	0
202	55454	23474	31980	0	0
203	61243	24999	36244	0	0
204	116608	20668	95940	0	0
205	62884	22376	40508	0	0
206	94318	23962	70356	0	0
207	111438	26158	85280	0	0
208	37414	20358	17056	0	0
209	125378	23042	102336	0	0
210	85119	23291	61828	0	0
211	83414	23718	59696	0	0
212	108145	27129	81016	0	0
213	55934	21822	34112	0	0
214	93220	22864	70356	0	0
215	69405	24633	44772	0	0
216	81039	27739	53300	0	0
217	76783	29879	46904	0	0
218	59405	21029	38376	0	0
219	98513	21761	76752	0	0
220	123501	27561	95940	0	0
221	81767	22071	59696	0	0
222	74889	25853	49036	0	0
223	69710	24938	44772	0	0
224	121064	27256	93808	0	0
225	78430	31526	46904	0	0
226	87065	20973	66092	0	0
227	85412	25716	59696	0	0
228	88347	26519	61828	0	0
229	103026	22010	81016	0	0
230	82075	24511	57564	0	0
231	89874	25914	63960	0	0
232	52829	22981	29848	0	0
233	62760	24384	38376	0	0
234	111183	21639	89544	0	0
235	62514	26270	36244	0	0
236	80298	20602	59696	0	0
237	71238	28598	42640	0	0
238	77021	25853	51168	0	0
239	90051	21827	68224	0	0
240	69342	26702	42640	0	0
241	63610	18838	44772	0	0
242	90174	26214	63960	0	0
243	50641	22925	27716	0	0
244	87132	25304	61828	0	0
245	50814	23098	27716	0	0
246	69638	20602	49036	0	0
247	76850	34210	42640	0	0
248	109123	25975	83148	0	0
249	63234	18462	44772	0	0
250	101702	33478	68224	0	0
251	73727	22559	51168	0	0
252	72081	25177	46904	0	0
253	71662	26890	44772	0	0
254	51481	17369	34112	0	0
255	59408	23164	36244	0	0
256	79082	25782	53300	0	0
257	68549	25909	42640	0	0
258	112289	24877	87412	0	0
259	27605	19077	8528	0	0
260	103401	28781	74620	0	0
261	63070	24694	38376	0	0
262	69461	24689	44772	0	0
263	81166	27866	53300	0	0
264	77382	26214	51168	0	0
265	94330	32502	61828	0	0
266	40866	13150	27716	0	0
267	85189	29757	55432	0	0
268	90060	28232	61828	0	0
269	48080	24628	23452	0	0
270	127638	27434	100204	0	0
271	54534	22554	31980	0	0
272	53806	28222	25584	0	0
273	55441	21329	34112	0	0
274	102977	30489	72488	0	0
275	83786	28354	55432	0	0
276	56912	20668	36244	0	0
277	81352	30184	51168	0	0
278	74648	27744	46904	0	0
279	49230	19382	29848	0	0
280	126850	26646	100204	0	0
281	73977	27073	46904	0	0
282	85674	28110	57564	0	0
283	70437	25665	44772	0	0
284	69951	23047	46904	0	0
285	77634	28598	49036	0	0
286	95172	24816	70356	0	0
287	83537	28105	55432	0	0
288	100232	27744	72488	0	0
289	35781	25121	10660	0	0
290	99622	27134	72488	0	0
291	76405	20973	55432	0	0
292	81682	15590	66092	0	0
293	47083	19367	27716	0	0
294	68418	19382	49036	0	0
295	71421	28781	42640	0	0
296	129639	20907	108732	0	0
297	55451	21339	34112	0	0
298	114544	29264	85280	0	0
299	48615	18767	29848	0	0
300	95669	31709	63960	0	0
301	75557	24389	51168	0	0
302	80110	20414	59696	0	0
303	76229	29325	46904	0	0
304	56056	21944	34112	0	0
305	67623	20719	46904	0	0
306	109913	24633	85280	0	0
307	68188	25548	42640	0	0
308	73663	20363	53300	0	0
309	78552	31648	46904	0	0
310	35279	18223	17056	0	0
311	79089	23657	55432	0	0
312	83046	25482	57564	0	0
313	54121	28537	25584	0	0
314	65308	20536	44772	0	0
315	75191	24023	51168	0	0
316	87185	23225	63960	0	0
317	71784	27012	44772	0	0
318	137205	26341	110864	0	0
319	85979	28415	57564	0	0
320	78605	29569	49036	0	0
321	59585	19077	40508	0	0
322	75682	26646	49036	0	0
323	72025	25121	46904	0	0
324	120085	24145	95940	0	0
325	93534	29574	63960	0	0
326	72370	21202	51168	0	0
327	45637	20053	25584	0	0
328	87734	23774	63960	0	0
329	38819	19631	19188	0	0
330	99997	33905	66092	0	0
331	58734	20358	38376	0	0
332	52640	18528	34112	0	0
333	65080	24572	40508	0	0
334	56125	24145	31980	0	0
335	39914	18594	21320	0	0
336	85175	23347	61828	0	0
337	61171	20663	40508	0	0
338	100531	23779	76752	0	0
339	80983	27683	53300	0	0
340	61599	25355	36244	0	0
341	73245	26341	46904	0	0
342	108147	24999	83148	0	0
343	78726	25426	53300	0	0
344	68792	21888	46904	0	0
345	106997	30245	76752	0	0
346	55255	19011	36244	0	0
347	61057	22681	38376	0	0
348	80298	20602	59696	0	0
349	58859	22615	36244	0	0
350	78171	20607	57564	0	0
351	72078	23042	49036	0	0
352	86943	20851	66092	0	0
353	67093	26585	40508	0	0
354	70068	23164	46904	0	0
355	88709	20485	68224	0	0
356	62696	22188	40508	0	0
357	89694	27866	61828	0	0
358	89871	23779	66092	0	0
359	72324	21156	51168	0	0
360	64470	23962	40508	0	0
361	58495	20119	38376	0	0
362	116789	22981	93808	0	0
363	53560	19448	34112	0	0
364	59712	19204	40508	0	0
365	68543	21639	46904	0	0
366	76702	19138	57564	0	0
367	66663	24023	42640	0	0
368	40275	18955	21320	0	0
369	55811	17435	38376	0	0
370	73605	22437	51168	0	0
371	62757	22249	40508	0	0
372	72682	19382	53300	0	0
373	58318	24206	34112	0	0
374	65623	20851	44772	0	0
375	101742	18594	83148	0	0
376	60977	16205	44772	0	0
377	76650	25482	51168	0	0
378	66416	21644	44772	0	0
379	57150	16642	40508	0	0
380	53613	17369	36244	0	0
381	76347	23047	53300	0	0
382	55865	19621	36244	0	0
383	76710	21278	55432	0	0
384	56668	20424	36244	0	0
385	110148	18472	91676	0	0
386	65307	16271	49036	0	0
387	86281	26585	59696	0	0
388	46305	18589	27716	0	0
389	40036	18716	21320	0	0
390	64514	15478	49036	0	0
391	55875	19631	36244	0	0
392	78355	25055	53300	0	0
393	45880	16032	29848	0	0
394	59402	18894	40508	0	0
395	125932	23596	102336	0	0
396	43690	18106	25584	0	0
397	73544	22376	51168	0	0
398	47835	20119	27716	0	0
399	35822	14502	21320	0	0
400	50386	18406	31980	0	0
401	62945	22437	40508	0	0
402	68049	16881	51168	0	0
403	49299	21583	27716	0	0
404	62027	19387	42640	0	0
405	90411	17923	72488	0	0
406	69216	20180	49036	0	0
407	46798	19082	27716	0	0
408	52651	22803	29848	0	0
409	42537	21217	21320	0	0
410	42035	14319	27716	0	0
411	71650	18350	53300	0	0
412	83287	23591	59696	0	0
413	57095	20851	36244	0	0
414	56784	16276	40508	0	0
415	104789	19509	85280	0	0
416	58129	19753	38376	0	0
417	78410	20846	57564	0	0
418	41126	17674	23452	0	0
419	29437	18777	10660	0	0
420	46305	18589	27716	0	0
421	59648	17008	42640	0	0
422	71582	20414	51168	0	0
423	34430	17374	17056	0	0
424	63488	18716	44772	0	0
425	82374	20546	61828	0	0
426	66233	21461	44772	0	0
427	86089	19997	66092	0	0
428	41256	19936	21320	0	0
429	36385	21461	14924	0	0
430	48503	18655	29848	0	0
431	52767	18655	34112	0	0
432	56058	19814	36244	0	0
433	34982	20058	14924	0	0
434	81944	17984	63960	0	0
435	79624	17796	61828	0	0
436	55071	14563	40508	0	0
437	83710	17618	66092	0	0
438	42717	19265	23452	0	0
439	18588	14324	4264	0	0
440	49601	19753	29848	0	0
441	81032	19204	61828	0	0
442	88099	19875	68224	0	0
443	42958	17374	25584	0	0
444	87550	19326	68224	0	0
445	77805	20241	57564	0	0
446	44233	14385	29848	0	0
447	86339	24511	61828	0	0
448	48803	18955	29848	0	0
449	48994	21278	27716	0	0
450	65005	18101	46904	0	0
451	54586	16210	38376	0	0
452	85471	17247	68224	0	0
453	53064	16820	36244	0	0
454	80900	19072	61828	0	0
455	44111	14263	29848	0	0
456	86031	22071	63960	0	0
457	68415	17247	51168	0	0
458	22118	15722	6396	0	0
459	40768	19448	21320	0	0
460	46795	16947	29848	0	0
461	54284	18040	36244	0	0
462	85906	19814	66092	0	0
463	41619	18167	23452	0	0
464	77372	15544	61828	0	0
465	70553	21517	49036	0	0
466	58065	17557	40508	0	0
467	71104	19936	51168	0	0
468	27973	17313	10660	0	0
469	38145	16825	21320	0	0
470	62515	19875	42640	0	0
471	80902	16942	63960	0	0
472	83043	23347	59696	0	0
473	38938	17618	21320	0	0
474	41544	11696	29848	0	0
475	40397	19077	21320	0	0
476	36432	15112	21320	0	0
477	67514	22742	44772	0	0
478	35403	16215	19188	0	0
479	52523	18411	34112	0	0
480	44597	16881	27716	0	0
481	78532	20968	57564	0	0
482	80605	18777	61828	0	0
483	60566	20058	40508	0	0
484	58736	18228	40508	0	0
485	52459	16215	36244	0	0
486	51727	15483	36244	0	0
487	60558	17918	42640	0	0
488	34979	17923	17056	0	0
489	44666	19082	25584	0	0
490	37233	18045	19188	0	0
491	77994	24694	53300	0	0
492	90653	20297	70356	0	0
493	56172	17796	38376	0	0
494	52998	16754	36244	0	0
495	49527	17547	31980	0	0
496	74267	16703	57564	0	0
497	54595	22615	31980	0	0
498	27594	14802	12792	0	0
499	52041	22193	29848	0	0
500	40513	14929	25584	0	0
501	110953	27805	83148	0	0
502	52698	16454	36244	0	0
503	48872	21156	27716	0	0
504	72138	18838	53300	0	0
505	39784	16332	23452	0	0
506	60929	18289	42640	0	0
507	48143	22559	25584	0	0
508	29007	16215	12792	0	0
509	45210	19626	25584	0	0
510	47350	21766	25584	0	0
511	55260	19016	36244	0	0
512	43385	17801	25584	0	0
513	59233	25121	34112	0	0
514	67755	20851	46904	0	0
515	50208	18228	31980	0	0
516	109306	26158	83148	0	0
517	46975	14995	31980	0	0
518	36629	21705	14924	0	0
519	48068	16088	31980	0	0
520	29681	19021	10660	0	0
521	94931	26707	68224	0	0
522	40399	16947	23452	0	0
523	44303	20851	23452	0	0
524	51243	21395	29848	0	0
525	47034	17186	29848	0	0
526	50092	22376	27716	0	0
527	38936	19748	19188	0	0
528	44364	20912	23452	0	0
529	61664	21156	40508	0	0
530	53078	23230	29848	0	0
531	80118	22554	57564	0	0
532	29562	21034	8528	0	0
533	19800	13404	6396	0	0
534	64218	21578	42640	0	0
535	56549	22437	34112	0	0
536	85726	21766	63960	0	0
537	29071	18411	10660	0	0
538	23330	14802	8528	0	0
539	51672	19692	31980	0	0
540	26640	22376	4264	0	0
541	68972	19936	49036	0	0
542	38761	21705	17056	0	0
543	29795	17003	12792	0	0
544	50516	20668	29848	0	0
545	41622	20302	21320	0	0
546	73791	24755	49036	0	0
547	38090	21034	17056	0	0
548	35770	20846	14924	0	0
549	47530	19814	27716	0	0
550	25600	19204	6396	0	0
551	66358	23718	42640	0	0
552	36690	21766	14924	0	0
553	44303	20851	23452	0	0
554	39541	20353	19188	0	0
555	51367	19387	31980	0	0
556	73059	24023	49036	0	0
557	28381	11325	17056	0	0
558	33036	22376	10660	0	0
559	46743	23291	23452	0	0
560	34189	19265	14924	0	0
561	89807	21583	68224	0	0
562	38026	18838	19188	0	0
563	49476	17496	31980	0	0
564	80004	24572	55432	0	0
565	54703	16327	38376	0	0
566	58501	24389	34112	0	0
567	31078	16154	14924	0	0
568	39920	22864	17056	0	0
569	61121	24877	36244	0	0
570	44547	21095	23452	0	0
571	85358	23530	61828	0	0
572	53125	16881	36244	0	0
573	51800	24084	27716	0	0
574	77015	21583	55432	0	0
575	75859	22559	53300	0	0
576	58687	26707	31980	0	0
577	40827	21639	19188	0	0
578	35711	18655	17056	0	0
579	53988	24140	29848	0	0
580	45032	19448	25584	0	0
581	81831	24267	57564	0	0
582	63239	18467	44772	0	0
583	42781	21461	21320	0	0
584	76466	21034	55432	0	0
585	58983	20607	38376	0	0
586	47420	28232	19188	0	0
587	33261	16205	17056	0	0
588	37785	20729	17056	0	0
589	47411	21827	25584	0	0
590	37178	22254	14924	0	0
591	84146	24450	59696	0	0
592	45085	17369	27716	0	0
593	50092	22376	27716	0	0
594	34057	19133	14924	0	0
595	61057	22681	38376	0	0
596	41931	27007	14924	0	0
597	42720	21400	21320	0	0
598	34542	17486	17056	0	0
599	42964	21644	21320	0	0
600	20705	14309	6396	0	0

