 1
 1
 1
 1
 0
 0
 0
 1
 1
 1
 0
 1
 1
 0
 0
 0
 1
 1
 1
 1
 0
 0
 1
 1
 0
 1
 1
 1
 1
 1
 1
 0
 0
 0
 1
 0
 0
 0
 1
 0
 1
 1
 0
 1
 1
 1
 0
 1
 0
 0
 0
 476
 0
 1
 0
 0
 0
 446
 1
 1
 1
 1
 1
 1
 1
 1
 1
 1
 415
 1
 1
 0
 1
 1
 1
 0
 0
 0
 1
 1
 0
 0
 0
 0
 1
 1
 0
 1
 435
 1
 28
 1
 0
 967
 1
 1
 1
 1
 0
 0
 1
 1
 1
 0
 1
 0
 0
 1
 1
 0
 1
 0
 415
 1
 12
 0
 1
 1
 0
 1
 0
 0
 1
 1
 1
 1
 0
 1
 1
 1
 0
 1
 1
 1
 0
 1
 1
 1
 418
 1
 18
 1
 0
 1
 1
 1
 0
 0
 1
 1
 1
 419
 1
 13
 1
 1
 0
 428
 1
 18
 1
 418
 1
 0
 1
 0
 0
 0
 1
 1
 1
 1
 1
 1
 435
 0
 1
 0
 0
 1
 439
 28
 27
 1
 1
 1
 1
 1
 1
 1
 1
 1
 0
 0
 1
 441
 0
 939
 0
 1
 1
 0
 0
 0
 1
 0
 1
 1
 1
 936
 1
 1
 0
 1
 1
 1
 1
 1
 0
 1
 1
 1
 1
 1
 1
 0
 1
 0
 1
 0
 1
 1
 1
 0
 0
 1
 0
 1
 436
 1
 34
 1
 0
 432
 0
 23
 1
 0
 1
 438
 1
 1069
 1
 0
 1
 0
 0
 1
 1
 1
 1
 428
 1
 17
 0
 1
 0
 1
 1
 0
 1
 1
 1
 1
 1
 1
 0
 0
 1
 444
 1
 43
 1
 0
 44
 0
 0
 0
 0
 1
 0
 1
 0
 1
 1
 0
 1
 0
 435
 1
 0
 0
 1
 0
 1
 1
 0
 450
 1
 0
 1
 0
 458
 1
 1
 0
 0
 1
 0
 1
 1
 0
 1
 1
 0
 1
 431
 0
 27
 0
 0
 0
 1
 1
 0
 0
 1
 1
 1
 0
 1
 1
 1
 1
 0
 0
 0
 0
 1
 0
 1
 1
 0
 0
 1
 1
 1
 1
 1
 1
 1
 426
 1
 23
 467
 1
 1
 0
 1
 0
 1
 1
 1
 0
 1
 1
 1
 1
 1
 1
 473
 0
 1
 1
 0
 1
 1
 1
 0
 1
 0
 0
 1
 0
 0
 1
 0
 0
 0
 0
 1
 1
 1
 1
 1
 0
 1
 1
 1
 0
 0
 1
 1
 1
 1
 0
 1
 0
 1
 0
 1
 430
 0
 28
 1
 1
 1
 1
 1
 0
 0
 1
 0
 1
 0
 1
 1
 1
 0
 0
 1
 0
 1
 0
 419
 0
 19
 1
 1
 0
 0
 1
 1
 447
 1
 0
 1
 0
 433
 0
 24
 1
 1
 0
 1
 1
 439
 1
 24
 1
 1
 1
 0
 1
 457
 1
 19
 1
 1
 413
 0
 11
 1
 1
 0
 1
 1
 1
 1
 0
 1
 1
 1
 0
 1
 1
 0
 0
 595
 0
 37
 0
 1
 1
 1
 1
 0
 1
 0
 0
 1
 1
 0
 0
 1
 1
 1
 1
 0
 1
 1
 0
 1
 0
 1
 0
 412
 0
 11
 9
 0
 1
 1
 0
 0
 1
 1
 1
 1
 0
 0
 0
 0
 0
 1
 1
 1
 1
 1
 0
 1
 0
 695
 1
 36
 0
 0
 0
 1
 423
 1
 437
 1
 27
 28
 0
 0
 0
 0
 1
 1
 1
 0
 0
 1
 0
 441
 0
 0
 0
 1
 1
 1
 428
 1
 1
 1
 0
 1
 0
 1
 0
 0
 1
 442
 1
 61
 0
 0
 1
 1
 0
 1
 1
 1
 1
 439
 1
 0
 1
 0
 1
 1
 0
 0
 0
 0
 0
 1
 1
 1
 0
 3238
 1
 1
 1
 1
 416
 0
 10
 1
 601
 0
 0
 1
 1
 1
 1
 1
 0
 1
 1
 0
 1
 1
 412
 1
 12
 10
 1
 0
 1
 419
 1
 0
 1
 1
 0
 0
 1
 1
 1
 1
 1
 13
 1
 0
 0
 1
 467
 1
 47
 1
 1
 1
 0
 421
 1
 0
 0
 0
 1
 444
 0
 38
 1
 417
 0
 1
 0
 1
 1
 0
 1
 1
 0
 1
 0
 0
 414
 1
 11
 1
 1
 1
 0
 1
 1
 1
 0
 435
 1
 34
 0
 1
 1
 1
 1
 0
 0
 1
 1
 0
 1
 1
 0
 1
 1
 0
 1
 1
 0
 0
 0
 0
 1
 0
 0
 0
 1
 1
 1
 1
 0
 0
 1
 0
 441
 0
 39
 1
 0
 0
 1
 0
 1
 0
 1
 0
 434
 1
 0
 1
 0
 951
 1
 0
 1
 0
 1
 0
 29
 29
 1
 1
 431
 1
 1
 0
 1
 0
 0
 22
 1
 0
 1
 0
 0
 1
 1
 1
 1
 0
 445
 0
 39
 37
 1
 1
 1
 1
 0
 1
 1
 971
 1
 1
 0
 0
 0
 1
 1
 1
 126
 34
 0
 1
 1
 0
 1
 1
 0
 441
 0
 1
 1
 0
 1
 0
 1
 1
 1
 1
 431
 1
 0
 1
 1
 1
 1
 0
 429
 0
 19
 0
 1
 1
 1
 1
 1
 1
 1
 1
 1
 1
 1
 0
 0
 439
 1
 968
 0
 1
 1
 0
 0
 462
 1
 12
 1
 0
 427
 1
 448
 0
 1
 1
 1
 0
 0
 1
 1
 1
 1
 1
 1
 0
 1
 0
 0
 0
 0
 0
 1
 1
 1
 1
 463
 1
 43
 0
 0
 1
 419
 1
 1
 1
 1
 1
 0
 416
 1
 10
 1
 0
 596
 0
 1
 0
 0
 1
 0
 1
 1
 429
 1
 429
 1
 0
 1
 1
 1
 0
 1
 1
 1
 1
 1
 1
 26
 26
 1
 0
 0
 1
 1
 441
 0
 37
 1
 0
 0
 0
 1
 0
 1
 1
 1
 0
 1
 1
 1
 0
 1
 0
 1
 1
 1
 0
 0
 425
 0
 22
 1
 0
 0
 0
 1
 1
 1
 1
 1
 0
 0
 1
 0
 0
 1
 1
 1
 1
 1
 429
 0
 957
 1
 1
 0
 19
 0
 0
 1
 1
 1
 1
 1
 0
 0
 1
 1
 0
 0
 443
 0
 1
 1
 0
 1
 0
 1
 1
 1
 437
 1
 24
 1
 0
 0
 0
 1
 0
 1
 1
 1
 1
 1
 1
 442
 1
 40
 1
 1
 1
 1
 1
 1
 1
 1
 0
 1
 414
 0
 11
 415
 1
 10
 0
 0
 0
 0
 1
 45
 426
 1
 1
 0
 1
 1
 1
 0
 1
 0
 0
 1
 428
 0
 0
 1
 1
 1
 0
 1
 1
 0
 1
 431
 0
 1
 28
 1
 1
 1
 1
 1
 461
 1
 13
 1
 0
 0
 1
 1
 0
 1
 1
 1
 0
 0
 1
 1
 0
 1
 1
 1
 1
 1
 0
 1
 1
 1
 1
 0
 0
 1
 435
 1
 1
 1
 0
 1
 1
 1
 0
 1
 737
 1
 0
 0
 1
 0
 0
 1
 0
 1
 1
 1
 1
 1
 1
 1
 1
 433
 1
 26
 429
 1
 22
 1
 0
 0
 0
 0
 1
 0
 1
 0
 26
 1
 1
 0
 1
 1
 1
 0
 1
 0
 0
 0
 0
 1
 0
 1
 1
 1
 427
 1
 975
 0
 7
 0
 0
 0
 1
 1
 1
 1
 1
 0
 0
 1
 1
 1
 0
 0
 0
 1
 0
 1
 0
 0
 1
 1
 0
 1
 0
 0
 0
 1
 1
 1
 1
 0
 0
 1
 1
 453
 0
 1
 1
 1
 0
 1
 1
 1
 0
 0
 1
 1
 0
 0
 1
 1
 1
 422
 0
 18
 1
 0
 1
 0
 0
 1
 1
 1
 423
 1
 19
 1
 0
 1
 420
 1
 1
 0
 1
 0
 1
 0
 1
 0
 1
 0
 0
 0
 1
 1
 431
 1
 0
 1
 1
 0
 0
 1
 0
 0
 1
 1
 425
 0
 26
 1
 0
 0
 0
 1
 1
 0
 1
 415
 0
 0
 1
 0
 0
 0
 1
 1
 432
 0
 29
 1
 1
 1
 1
 1
 0
 1
 437
 0
 29
 1
 1
 1
 434
 0
 0
 1
 1
 1
 1
 1
 1
 1
 1
 1
 1
 428
 1
 12
 1
 1
 1
 421
 0
 1
 0
 1
 1
 428
 1
 18
 0
 444
 0
 0
 0
 1
 1
 0
 1
 0
 0
 436
 0
 29
 1
 1
 1
 1
 1
 1
 1
 1
 1
 1
 199
 0
 0
 0
 1
 0
 0
 0
 0
 0
 1
 0
 1
 0
 0
 1
 1
 1
 1
 1
 1
 1
 428
 0
 26
 0
 1
 1
 0
 1
 0
 0
 0
 1
 1
 1
 0
 1
 1
 941
 0
 1
 0
 0
 1
 1
 0
 1
 1
 445
 0
 38
 1
 449
 0
 0
 0
 0
 1
 0
 0
 0
 0
 1
 0
 1
 0
 1
 1
 1
 0
 0
 1
 1
 1
 436
 0
 0
 1
 0
 1
 0
 0
 0
 0
 1
 0
 0
 1
 1
 1
 1
 1
 1
 439
 1
 1
 1
 1
 0
 458
 0
 17
 0
 1
 1
 1
 1
 0
 1
 0
 1
 1
 1
 1
 1
 1
 1
 0
 1
 0
 1
 1
 0
 1
 0
 1
 1
 414
 0
 0
 0
 1
 0
 0
 0
 1
 0
 1
 0
 1
 0
 0
 0
 0
 0
 0
 0
 1
 0
 0
 1
 1
 0
 1
 1
 0
 1
 1
 1
 1
 422
 1
 0
 0
 1
 1
 1
 1
 1
 1
 434
 0
 0
 1
 451
 0
 48
 0
 1
 1
 0
 126
 1
 672
 1
 1
 1
 1
 0
 0
 1
 0
 1
 427
 0
 19
 1
 1
 1
 1
 1
 1
 0
 419
 0
 12
 1
 1
 1
 0
 447
 33
 33
 0
 1
 0
 1
 0
 0
 447
 1
 40
 1
 471
 1
 0
 0
 0
 0
 1
 1
 1
 455
 0
 42
 1
 0
 1
 448
 1
 1
 0
 1
 1
 1
 1
 440
 0
 0
 1
 0
 0
 1
 0
 1
 0
 1
 1
 1
 1
 0
 0
 1
 921
 1
 1
 0
 1
 0
 0
 1
 0
 0
 0
 436
 0
 1
 1
 0
 1
 0
 34
 1
 0
 500
 1
 1
 1
 0
 1
 1
 1
 1
 442
 1
 1
 0
 0
 0
 0
 1
 0
 0
 1
 1
 1
 1
 433
 1
 1
 1
 1
 1
 0
 1
 1
 1
 443
 1
 1
 1
 1
 1
 1
 1
 0
 0
 1
 1
 1
 1
 0
 445
 1
 39
 0
 0
 0
 1
 1
 0
 0
 0
 0
 1
 1
 0
 0
 445
 1
 1
 0
 1
 0
 1
 0
 0
 1
 0
 1
 1
 0
 1
 0
 0
 1
 1
 0
 432
 1
 1
 0
 1
 0
 1
 0
 0
 0
 441
 0
 0
 1
 1
 0
 1
 1
 0
 1
 532
 1
 1
 1
 1
 1
 1
 1
 415
 1
 1
 0
 444
 1
 34
 34
 0
 0
 1
 1
 0
 0
 1
 444
 1
 44
 1
 1
 0
 0
 1
 0
 1
 1
 1
 416
 1
 11
 1
 0
 1
 1
 1
 0
 0
 426
 1
 1
 1
 0
 0
 1
 1
 1
 1
 1
 1
 0
 1
 436
 1
 0
 1
 1
 425
 0
 1
 0
 1
 0
 1
 1
 1
 0
 1
 0
 419
 0
 16
 0
 0
 1
 0
 1
 435
 0
 1
 0
 1
 0
 0
 0
 1
 1
 1
 1
 1
 1
 0
 0
 0
 1
 0
 1
 437
 0
 0
 0
 0
 1
 25
 1
 1
 415
 1
 1
 0
 0
 0
 510
 1
 0
 0
 1
 1
 1
 0
 1
 0
 1
 0
 1
 0
 0
 0
 0
 0
 0
 1
 1
 1
 1
 1
 1
 1
 1
 0
 1
 1
 1
 1
 1
 1
 117
 49
 447
 1
 38
 38
 1
 1
 0
 410
 1
 1
 1
 0
 0
 0
 1
 0
 0
 1
 0
 423
 1
 0
 18
 1
 1
 0
 1
 0
 0
 439
 0
 30
 1
 0
 0
 1
 0
 1
 1
 502
 1
 17
 0
 0
 1
 0
 1
 1
 0
 0
 0
 0
 0
 0
 1
 1
 0
 0
 0
 452
 0
 0
 1
 1
 0
 1
 1
 1
 1
 1
 1
 0
 1
 1
 0
 1
 415
 0
 1
 0
 1
 0
 1
 0
 0
 0
 418
 439
 0
 1
 1
 1
 1
 0
 1
 0
 1
 0
 429
 1
 20
 0
 0
 0
 1
 1
 1
 1
 0
 0
 1
 449
 0
 0
 1
 1
 0
 0
 0
 1
 1
 1
 0
 1
 0
 1
 1
 1
 440
 0
 0
 0
 1
 40
 1
 1
 1
 1
 0
 0
 429
 0
 1
 1
 1
 0
 1
 1
 1
 1
 0
 0
 1
 1
 1
 0
 1
 1
 1
 1
 0
 0
 0
 430
 1
 23
 1
 0
 0
 0
 1
 1
 1
 1
 1
 0
 0
 1
 1
 1
 1
 1
 428
 0
 1
 0
 1
 1
 431
 1
 1
 1
 1
 0
 450
 1
 0
 1
 0
 1
 1
 0
 0
 1
 0
 1
 0
 0
 1
 0
 0
 0
 1
 0
 0
 0
 1
 416
 1
 1
 0
 0
 1
 1
 1
 432
 1
 28
 1
 0
 1
 1
 0
 1
 1
 469
 0
 43
 0
 1
 1
 1
 1
 1
 0
 0
 1
 0
 1
 0
 0
 1
 1
 1
 0
 1
 1
 0
 1
 0
 1
 1
 0
 1
 0
 1
 1
 1
 1
 1
 1
 1
 957
 1
 1
 0
 1
 0
 1
 1
 1
 1
 1
 0
 0
 1
 1
 0
 1
 1
 0
 1
 1
 1
 1
 0
 0
 1
 446
 1
 1
 1
 0
 1
 0
 1
 1
 443
 0
 0
 422
 1
 0
 1
 0
 1
 1
 0
 0
 1
 0
 1
 0
 0
 0
 0
 417
 1
 1
 1
 0
 2859
 1
 2434
 1
 0
 0
 0
 440
 1
 1
 0
 415
 0
 1
 1
 0
 0
 0
 1037
 1
 27
 1
 0
 0
 1
 0
 1
 1
 1
 1
 1
 1
 0
 0
 0
 1
 1
 1
 0
 0
 1
 1
 423
 1
 0
 1
 1
 1
 1
 430
 0
 1
 487
 1
 0
 1
 1
 1
 0
 0
 1
 418
 0
 19
 0
 0
 1
 0
 0
 424
 1
 12
 1
 1
 1
 1
 1
 1
 1
 1
 1
 0
 1
 1
 0
 0
 1
 1
 0
 0
 1
 0
 0
 1
 0
 1
 0
 1
 0
 0
 1
 0
 1
 1
 0
 1
 1
 1
 1
 1
 0
 1
 412
 1
 925
 1
 0
 1
 1
 1
 0
 0
 0
 1
 1
 1
 0
 1
 437
 0
 1
 1
 441
 1
 1
 1
 1
 1
 1
 0
 1
 421
 1
 16
 1
 1
 0
 0
 1
 0
 423
 1
 0
 0
 0
 1
 1
 1
 1
 423
 1
 1
 0
 0
 1
 0
 1
 1
 0
 1
 0
 441
 1
 1
 0
 421
 1
 1
 1
 1
 1
 1
 1
 1
 0
 1
 440
 1
 36
 0
 1
 441
 1
 1
 1
 1
 0
 1
 1
 1
 0
 1
 1
 1
 1
 1
 0
 1
 1
 0
 466
 0
 39
 431
 1
 11
 38
 1
 1
 0
 0
 0
 0
 0
 1
 1
 459
 1
 1
 1
 1
 1
 0
 1
 0
 1
 439
 1
 1
 1
 1
 30
 1
 0
 1
 1
 0
 421
 0
 12
 1
 0
 1
 0
 1
 0
 0
 0
 1
 1
 1
 445
 0
 13
 0
 1
 0
 1
 1
 1
 1
 1
 0
 1
 0
 1
 0
 1
 442
 1
 1
 1
 1
 0
 1
 1
 1
 1
 1
 0
 0
 1
 1
 0
 1
 1
 1
 419
 0
 17
 1
 0
 1
 1
 0
 1
 415
 1
 0
 1
 1
 1
 1
 1
 437
 0
 31
 30
 0
 431
 0
 25
 23
 0
 443
 0
 35
 1
 1
 0
 1
 1
 1
 1
 1
 0
 1
 1
 0
 1
 1
 1
 1
 1
 1
 0
 1
 1
 0
 1
 1
 1
 0
 1
 0
 1
 1
 0
 1
 1
 0
 0
 0
 1
 2848
 1
 1
 2651
 1
 2462
 0
 1
 1
 0
 1
 0
 0
 1
 419
 0
 18
 1
 0
 1
 0
 1
 1
 1
 1
 1
 0
 1
 1
 0
 0
 0
 1
 0
 416
 0
 10
 1
 1
 1
 436
 1
 27
 464
 0
 0
 1
 1
 1
 432
 0
 22
 20
 0
 1
 1
 0
 1
 0
 1
 435
 0
 1
 0
 0
 1
 0
 1
 1
 1
 1
 0
 1
 1
 0
 439
 1
 1
 959
 1
 1
 0
 0
 1
 1
 1
 1
 0
 1
 446
 1
 0
 0
 0
 432
 0
 1
 1
 0
 0
 1
 1
 1
 1
 0
 0
 1
 1
 0
 1
 416
 1
 1
 1
 0
 1
 0
 0
 1
 1
 0
 0
 0
 1
 0
 0
 1
 0
 1
 1
 0
 412
 0
 12
 0
 1
 1
 435
 1
 28
 0
 0
 1
 1
 0
 1
 0
 0
 0
 1
 1
 0
 1
 1
 0
 1
 0
 0
 0
 439
 1
 1
 18
 0
 1
 1
 0
 1
 1
 479
 1
 64
 1
 1
 1
 1
 1
 1
 1
 446
 1
 1
 0
 1
 1
 0
 1
 1
 1
 436
 1
 1
 1
 0
 1
 1
 0
 0
 1
 1
 1
 1
 1
 1
 0
 1
 1
 1
 1
 1
 0
 1
 0
 1
 0
 1
 0
 0
 1
 0
 1
 0
 0
 0
 0
 0
 1
 1
 561
 1
 1
 1
 1
 445
 0
 33
 1
 0
 1
 0
 1
 0
 0
 0
 1
 0
 414
 1
 932
 1
 416
 1
 17
 0
 1
 0
 0
 1
 1
 0
 1
 1
 1
 0
 0
 1
 0
 1
 1
 0
 1
 1
 0
 1
 0
 1
 1
 0
 1
 1
 0
 1
 451
 0
 33
 1
 0
 446
 1
 0
 1
 1
 446
 1
 1
 0
 1
 441
 1
 46
 1
 1
 0
 1
 1
 448
 1
 1
 1
 0
 0
 1
 1
 1
 439
 0
 36
 423
 1
 11
 1
 1
 1
 1
 0
 0
 0
 0
 1
 1
 1
 1
 1
 0
 1
 0
 1
 0
 1
 0
 1
 1
 458
 1
 44
 0
 0
 0
 439
 1
 0
 0
 1
 0
 0
 1
 1
 1
 1
 473
 1
 0
 1
 1
 1
 1
 0
 1
 1
 1
 0
 1
 1
 1
 0
 1
 416
 1
 1
 13
 0
 0
 1
 0
 1
 1
 1
 1
 0
 1
 35
 1
 1
 0
 1
 0
 1
 460
 0
 984
 0
 447
 0
 38
 39
 0
 0
 0
 1
 1
 0
 0
 1
 1
 1
 0
 1
 0
 0
 1
 0
 0
 0
 1
 425
 1
 11
 0
 0
 1
 1
 1
 0
 0
 1
 1
 0
 0
 0
 1
 1
 1
 1
 1
 1
 0
 1
 434
 0
 448
 1
 0
 118
 0
 0
 0
 1
 0
 1
 1
 1
 1
 1
 1
 0
 0
 0
 1
 0
 0
 1
 0
 0
 0
 419
 1
 11
 441
 1
 1
 1
 1
 1
 1
 426
 0
 0
 0
 0
 0
 1
 1
 1
 0
 1
 1
 0
 435
 1
 32
 1
 0
 1
 0
 1
 1
 1
 679
 0
 24
 1
 1
 1
 1
 1
 0
 1
 0
 0
 0
 1
 0
 0
 1
 1
 1
 0
 1
 436
 1
 28
 0
 0
 1
 0
 1
 1
 0
 1
 1
 0
 1
 1
 1
 1
 441
 1
 35
 1
 1
 0
 1
 0
 1
 1
 1
 1
 0
 0
 1
 424
 1
 1
 0
 1
 0
 1
 1
 1
 1
 427
 24
 426
 1
 0
 1
 1
 0
 1
 0
 1
 0
 1
 444
 0
 22
 0
 0
 1
 1
 1
 0
 0
 1
 0
 0
 445
 0
 33
 1
 1
 0
 1
 1
 0
 1
 1
 0
 0
 0
 0
 0
 1
 0
 0
 1
 1
 1
 0
 1
 0
 1
 1
 0
 0
 1
 1
 1
 0
 1
 0
 1
 1
 1
 0
 1
 0
 0
 1
 1
 437
 1
 30
 1
 1
 940
 1
 1
 1
 1
 0
 1
 441
 1
 1
 40
 1
 0
 1
 463
 0
 30
 0
 0
 0
 431
 0
 28
 1
 1
 1
 1
 1
 0
 0
 0
 1
 1
 1
 0
 0
 1
 0
 1
 434
 0
 0
 1
 1
 1
 1
 736
 968
 40
 1
 1
 0
 1
 0
 1
 0
 1
 1
 1
 1
 0
 1
 1
 1
 0
 415
 1
 1
 0
 0
 0
 0
 0
 1
 1
 1
 1
 1
 1
 436
 1
 30
 0
 0
 0
 427
 1
 1
 0
 1
 1
 1
 1
 447
 1
 1
 1
 0
 1
 1
 1
 0
 1
 1
 0
 443
 0
 29
 0
 1
 1
 0
 421
 1
 16
 16
 1
 1
 1
 0
 1
 437
 1
 1
 447
 1
 19
 27
 1
 1
 0
 1
 0
 1
 1
 1
 1
 0
 1
 0
 1
 0
 0
 1
 0
 1
 0
 1
 0
 422
 0
 1
 1
 0
 1
 0
 0
 0
 1
 1
 1
 0
 0
 0
 1
 0
 1
 0
 1
 0
 1
 1
 1
 1
 1
 1
 0
 1
 431
 1
 1
 28
 447
 1
 1
 0
 1
 433
 1
 17
 0
 1
 1
 0
 0
 0
 1
 0
 1
 420
 0
 946
 0
 1
 441
 1
 988
 0
 1
 0
 437
 0
 29
 1
 0
 1
 1
 1
 1
 0
 0
 1
 0
 1
 0
 0
 0
 0
 0
 0
 1
 434
 0
 937
 0
 0
 0
 0
 1
 1
 1
 1
 413
 1
 0
 0
 1
 1
 1
 0
 434
 0
 0
 0
 0
 0
 1
 1
 0
 434
 1
 33
 1
 33
 0
 422
 1
 16
 1
 0
 1
 1
 0
 1
 1
 1
 1
 1
 430
 1
 0
 0
 0
 1
 0
 1
 0
 1
 421
 1
 0
 1
 1
 693
 988
 1
 1
 1
 0
 1
 1
 0
 0
 0
 0
 1
 0
 0
 0
 1
 1
 1
 1
 1
 1
 1
 1
 1
 0
 1
 1
 1
 1
 0
 0
 0
 1
 438
 1
 34
 432
 0
 1
 422
 0
 12
 10
 0
 1
 1
 1
 1
 1
 1
 1
 1
 0
 1
 417
 1
 1
 0
 1
 0
 1
 0
 1
 0
 0
 1004
 1
 0
 1
 1
 1
 0
 1
 560
 0
 11
 1
 1
 0
 0
 428
 1
 28
 1
 0
 0
 1
 453
 1
 0
 0
 424
 0
 0
 0
 422
 0
 24
 0
 0
 1
 581
 0
 0
 0
 0
 1
 1
 1
 1
 1
 1
 400
 1
 9
 10
 1
 0
 1
 0
 1
 1
 0
 1
 1
 0
 0
 1
 1
 0
 1
 1
 0
 1
 1
 1
 0
 439
 1
 17
 0
 1
 1
 1
 417
 1
 1
 0
 1
 0
 0
 1
 429
 1
 26
 1
 0
 1
 468
 1
 0
 0
 1
 1
 0
 1
 1
 1
 0
 0
 1
 13
 1
 1
 0
 1
 0
 0
 1
 1
 0
 1
 1
 0
 0
 1
 1
 0
 1
 0
 1
 0
 581
 1
 432
 1
 23
 24
 1
 1
 1
 1
 1
 0
 1
 1
 1
 1
 444
 1
 28
 1
 438
 0
 33
 1
 1
 1
 0
 0
 1
 1
 1
 0
 1
 1
 1
 417
 0
 18
 0
 0
 1
 0
 1
 1
 0
 0
 0
 1
 1
 1
 1
 0
 1
 0
 0
 1
 1
 1
 1
 0
 1
 1
 1
 0
 0
 0
 431
 0
 18
 0
 1
 1
 1
 1
 1
 1
 0
 419
 1
 16
 1
 1
 1
 0
 0
 1
 0
 1
 1
 1
 0
 1
 1
 438
 0
 1
 0
 0
 0
 0
 1
 1
 1
 0
 427
 1
 0
 1
 1
 1
 1
 1
 0
 446
 1
 0
 1
 1
 1
 1
 0
 1
 1
 0
 1
 1
 0
 1
 1
 1
 1
 0
 1
 1
 0
 1
 421
 0
 1
 1
 1
 0
 1
 0
 1
 1
 1
 1
 1
 0
 418
 0
 18
 1
 1
 1
 1
 1
 1
 1
 0
 1
 1
 1
 0
 446
 0
 37
 0
 1
 1
 1
 1
 944
 0
 1
 0
 1
 1
 1
 1
 1
 1
 0
 432
 1
 29
 28
 0
 1
 145
 39
 0
 1
 1
 1
 1
 1
 1
 1
 0
 1
 1
 0
 0
 1
 0
 1
 1
 0
 1
 438
 1
 1
 1
 1
 1
 1
 0
 0
 1
 0
 459
 1
 0
 1
 1
 1
 0
 1
 0
 1
 455
 1
 41
 1
 0
 1
 1
 1
 460
 1
 34
 32
 0
 1
 1
 0
 1
 457
 1
 1009
 1
 1
 442
 1
 30
 1
 1
 1
 1
 0
 1
 454
 0
 1
 38
 1
 1
 1
 1
 1
 0
 0
 1
 1
 1
 419
 0
 12
 1
 1
 1
 0
 1
 0
 0
 0
 1
 1
 0
 0
 1
 1
 1
 0
 1
 453
 0
 39
 39
 1
 1
 1
 1
 446
 0
 23
 0
 1
 413
 1
 930
 1
 456
 1
 44
 44
 1
 0
 1
 1
 0
 0
 1
 0
 1
 441
 1
 16
 17
 0
 1
 0
 0
 1
 1
 1
 1
 1
 0
 1
 1
 0
 440
 0
 22
 21
 0
 1
 0
 1
 0
 0
 0
 1
 0
 0
 0
 0
 1
 1
 0
 0
 1
 0
 0
 1
 0
 1
 1
 0
 1
 431
 1
 0
 1
 1
 1
 1
 1
 0
 1
 1
 1
 0
 1
 1
 1
 1
 1
 1
 1
 0
 1
 1
 1
 0
 1
 1
 1
 187
 0
 41
 1
 1
 1
 1
 1
 0
 1
 1
 0
 461
 1
 0
 1
 1
 1
 434
 1
 22
 23
 1
 0
 0
 0
 1
 0
 1
 0
 0
 0
 1
 0
 0
 0
 1
 0
 0
 1
 1
 1
 1
 437
 0
 16
 1
 1
 1
 1
 1
 1
 0
 0
 0
 1
 1
 442
 0
 18
 16
 1
 0
 1
 0
 1
 1
 0
 439
 1
 26
 27
 0
 418
 1
 12
 1
 1
 1
 1
 0
 1
 0
 1
 0
 423
 1
 19
 0
 1
 1
 599
 1
 0
 21
 1
 0
 1
 431
 0
 29
 427
 1
 19
 17
 1
 0
 1
 1
 0
 1
 1
 436
 1
 1
 1
 1
 0
 1
 0
 435
 1
 23
 1
 1
 0
 0
 1
 0
 436
 1
 1
 0
 1
 1
 1
 0
 1
 1
 0
 0
 0
 0
 1
 1
 1
 0
 0
 0
 1
 0
 0
 1
 1
 1
 0
 0
 0
 1
 0
 1
 1
 0
 1
 1
 1
 1
 462
 1
 0
 1
 449
 1
 60
 1
 1
 1
 449
 1
 38
 1
 1
 0
 1
 1
 1
 0
 1
 1
 1
 1
 1
 1
 1
 0
 1
 1
 1
 1
 491
 1
 66
 1
 0
 1
 1
 1
 0
 0
 1
 1
 0
 591
 1
 1
 20
 1
 0
 1
 0
 1
 1
 0
 454
 0
 947
 0
 1
 1
 0
 1
 0
 1
 1
 1
 1
 0
 0
 436
 0
 17
 1
 0
 1
 0
 1
 1
 1
 1
 1
 1
 430
 0
 1
 0
 1
 1
 1
 0
 0
 0
 1
 0
 0
 1
 1
 1
 511
 1
 445
 0
 0
 1
 1
 1
 1
 1
 1
 1
 1
 1
 1
 1
 1
 0
 1
 0
 1
 0
 1
 0
 1
 0
 443
 0
 0
 1
 1
 0
 1
 1
 0
 1
 0
 1
 1
 0
 449
 1
 12
 439
 1
 952
 0
 1
 1
 0
 0
 1
 1
 1
 0
 1
 1
 1
 1
 1
 1
 1
 1
 1
 1
 1
 1
 1
 1
 0
 1
 1
 1
 479
 1
 0
 943
 0
 0
 0
 1
 0
 0
 1
 0
 1
 1
 1
 1
 1
 1
 1
 1
 0
 1
 1
 1
 1
 0
 0
 1
 1
 0
 1
 1
 1
 1
 1
 0
 1
 1
 1
 0
 0
 0
 1
 1
 1
 1
 0
 0
 1
 1
 0
 1
 0
 1
 1
 1
 1
 1
 1
 0
 1
 463
 0
 1
 0
 0
 431
 0
 19
 1
 1
 1
 0
 1
 0
 1
 0
 1
 0
 1
 451
 0
 1
 1
 0
 0
 446
 1
 1
 0
 1
 449
 0
 0
 0
 0
 1
 0
 0
 0
 1
 1
 1
 1
 0
 1
 1
 0
 0
 1
 1
 424
 1
 24
 1
 0
 1
 1
 1
 1
 1
 1
 1
 1
 1
 0
 1
 541
 1
 444
 455
 1
 27
 0
 1
 0
 0
 1
 1
 1
 1
 0
 1
 1
 0
 425
 1
 1
 1
 1
 603
 1
 34
 0
 1
 0
 0
 1
 1
 0
 1
 1
 0
 1
 0
 1
 0
 1
 1
 1
 1
 0
 0
 0
 463
 1
 1015
 0
 0
 1
 1
 1
 1
 0
 0
 0
 1
 0
 0
 0
 1
 0
 1
 0
 1
 428
 1
 479
 1
 1
 0
 1
 0
 1
 1
 0
 1
 1
 0
 1
 1
 452
 1
 1
 0
 1
 1
 0
 0
 0
 1
 0
 1
 1
 1
 0
 1
 0
 1
 0
 1
 1
 1
 1
 0
 1
 0
 0
 1
 516
 509
 0
 33
 33
 1
 1
 1
 1
 1
 0
 0
 0
 1
 1
 1
 1
 0
 1
 1
 1
 458
 0
 45
 55
 0
 1
 0
 0
 1
 0
 0
 448
 0
 29
 1
 0
 1
 0
 0
 1
 1
 0
 0
 0
 1
 1
 0
 140
 476
 0
 18
 0
 140
 44
 1
 454
 1
 0
 1
 0
 1
 1
 0
 1
 1
 1
 430
 1
 19
 1
 0
 1
 1
 1
 1
 1
 452
 0
 1
 457
 1
 39
 38
 131
 1
 0
 0
 1
 1
 1
 1
 109
 18
 443
 1
 0
 1
 0
 0
 1
 0
 12
 1
 502
 0
 38
 1
 1
 454
 0
 34
 0
 461
 1
 42
 1
 1
 1
 0
 474
 1
 41
 473
 1
 514
 0
 0
 1
 1
 1
 520
 1
 1
 0
 465
 1
 0
 1
 1
 1
 1
 1
 1
 137
 491
 1
 1
 474
 1
 1
 1
 1
 0
 0
 480
 1
 451
 1
 1
 486
 499
 1
 1
 43
 1
 0
 17
 455
 1
 49
 422
 0
 17
 0
 1
 503
 1
 75
 1
 1
 454
 0
 35
 0
 0
 441
 0
 13
 1
 0
 0
 0
 510
 1
 1
 75
 1
 1
 0
 476
 1
 43
 1
 216
 261
 468
 1
 42
 171
 1
 0
 41
 0
 1
 1
 1
 1
 170
 140
 165
 526
 0
 0
 1
 495
 1
 1
 9
 1
 278
 0
 138
 0
 1
 1
 501
 1
 533
 133
 39
 40
 1
 1
 460
 0
 24
 26
 1
 1
 1
 0
 1
 1
 1
 0
 462
 1
 1016
 1
 1
 501
 1
 61
 126
 60
 482
 0
 128
 36
 1
 462
 1
 43
 469
 1
 43
 0
 1
 0
 138
 79
 1
 1
 562
 14
 7
 462
 0
 1
 1
 508
 1
 1
 459
 0
 40
 496
 0
 72
 1
 445
 1
 0
 1
 1001
 1340
 0
 1
 1
 112
 484
 0
 131
 67
 1
 1
 1
 139
 96
 164
 229
 108
 106
 0
 0
 1
 0
 0
 0
 0
 482
 0
 1
 499
 496
 0
 1
 1007
 1
 0
 444
 1
 24
 1
 0
 173
 64
 1
 0
 0
 461
 1
 1
 0
 173
 1
 447
 1
 0
 728
 781
 35
 38
 1
 1
 477
 0
 40
 132
 238
 0
 119
 136
 590
 0
 738
 642
 119
 25
 25
 116
 43
 129
 179
 167
 39
 42
 147
 478
 1
 1
 1
 179
 75
 170
 14
 1
 125
 157
 158
 141
 60
 143
 43
 43
 1
 566
 1
 165
 1
 41
 1
 734
 1137
 0
 136
 43
 133
 565
 506
 1
 1
 1
 148
 1
 0
 0
 1
 168
 15
 283
 935
 965
 21
 71
 1
 1
 1
 130
 1
 168
 43
 76
 0
 1
 215
 187
 604
 789
 326
 2
 117
 1001
 334
 365
 36
 4
 196
 280
 45
 135
 35
 140
 1
 151
 196
 1218
 1
 1
 888
 946
 48
 208
 301
 86
 173
 166
 24
 33
 277
 460
 252
 80
 387
 267
 245
 284
 1314
 493
 322
 250
 227
 242
 336
 398
 313
 309
 331
 221
 117
 229
 52
 156
 289
 142
 368
 265
 363
 414
 280
 175
 1191
 922
 397
 613
 1076
 329
 326
 318
 301
 233
 863
 430
 362
 370
 252
 226
 219
 213
 182
 206
 706
 225
 954
 959
 939
 155
 256
 1103
 67
 211
 179
 405
 430
 254
 172
 199
 160
 273
 889
 378
 534
 494
 0
 35
 206
 264
 788
 833
 1083
 1132
 632
 293
 793
 972
 299
 185
 268
 314
 236
 197
 469
 191
 211
 431
 483
 326
 1218
 974
 1031
 34
 311
 477
 377
 415
 296
 286
 467
 356
 491
 343
 1169
 198
 927
 1059
 1142
 583
 1005
 315
 169
 285
 419
 486
 235
 119
 239
 191
 34
 192
 457
 593
 574
 1116
 856
 877
 615
 331
 818
 1001
 170
 451
 339
 271
 453
 427
 611
 1146
 215
 420
 480
 574
 473
 369
 253
 284
 1166
 1069
 1606
 442
 268
 305
 231
 30
 449
 367
 335
 216
 1015
 260
 246
 215
 237
 895
 1076
 959
 1007
 864
 91
 1157
 329
 248
 318
 325
 2
 299
 393
 1187
 1099
 825
 212
 206
 372
 195
 1007
 469
 1
 800
 377
 369
 1
 195
 364
 453
 777
 239
 313
 271
 206
 220
 227
 67
 31
 567
 521
 93
 238
 332
 258
 1662
 1475
 1393
 950
 470
 230
 357
 241
 293
 1003
 147
 359
 112
 177
 403
 562
 540
 393
 1362
 350
 918
 1007
 1306
 311
 314
 1076
 584
 239
 196
 1455
 167
 373
 179
 169
 233
 930
 319
 81
 990
 985
 324
 150
 580
 327
 1164
 215
 1071
 344
 962
 985
 237
 463
 320
 1181
 654
 273
 940
 40
 683
 1124
 1067
 432
 384
 240
 328
 544
 498
 642
 289
 1157
 905
 411
 859
 1365
 295
 364
 1066
 1046
 383
 922
 603
 365
 1130
 43
 285
 1133
 1022
 312
 374
 188
 1133
 1478
 383
 132
 1
 372
 144
 16
 229
 1130
 1549
 954
 1478
 94
 929
 378
 536
 1530
 1053
 1359
 445
 258
 1298
 356
 181
 280
 1586
 230
 261
 1780
 1476
 1181
 383
 438
 658
 401
 832
 310
 193
 1085
 431
 396
 1015
 270
 904
 592
 179
 605
 402
 1231
 181
 317
 1026
 935
 511
 1246
 946
 439
 1086
 287
 317
 255
 1071
 1055
 376
 1261
 598
 1358
 341
 1344
 335
 1270
 1490
 1031
 432
 264
 1193
 303
 980
 945
 977
 729
 1184
 987
 302
 955
 1654
 350
 172
 295
 343
 375
 955
 1546
 418
 1130
 984
 303
 363
 562
 1194
 1374
 167
 446
 1574
 1196
 552
 1695
 1012
 1844
 18
 381
 343
 395
 242
 989
 382
 1269
 386
 194
 1363
 338
 1108
 1476
 515
 406
 1065
 181
 494
 1760
 1150
 381
 247
 376
 1145
 819
 1876
 572
 297
 106
 398
 1742
 1075
 996
 1063
 1380
 615
 980
 227
 520
 605
 1243
 1639
 417
 267
 77
 561
 535
 448
 1073
 258
 499
 1304
 1126
 238
 1340
 2195
 605
 363
 1081
 1756
 1325
 211
 359
 493
 341
 263
 310
 1237
 1413
 915
 99
 388
 2598
 1438
 536
 1135
 228
 1064
 25
 761
 308
 1047
 1072
 993
 1515
 1201
 1169
 424
 367
 482
 1079
 1207
 1503
 460
 472
 1036
 1519
 799
 755
 1004
 181
 1051
 323
 1193
 440
 1498
 455
 979
 1628
 918
 1058
 1275
 1326
 1496
 1125
 270
 1007
 384
 1039
 217
 189
 391
 1238
 910
 373
 1964
 2
 576
 1775
 848
 1655
 249
 467
 135
 418
 1096
 421
 1183
 376
 967
 926
 642
 1057
 236
 170
 1637
 1131
 1079
 329
 361
 1722
 1155
 1664
 188
 218
 1524
 441
 68
 357
 388
 153
 587
 529
 230
 1997
 1166
 302
 225
 1274
 901
 1664
 821
 328
 1266
 1183
 1159
 1144
 1164
 155
 456
 243
 1220
 1287
 1071
 696
 286
 1214
 300
 232
 256
 1051
 1368
 436
 318
 361
 199
 499
 539
 313
 1290
 518
 279
 344
 1131
 787
 1226
 362
 282
 1379
 477
 590
 957
 281
 575
 1572
 908
 243
 432
 551
 1002
 416
 486
 1082
 393
 1284
 1207
 231
 265
 415
 1329
 339
 970
 273
 1295
 163
 574
 334
 77
 600
 1151
 263
 319
 1013
 594
 1343
 311
 1258
 350
 530
 527
 541
 574
 980
 406
 332
 1009
 1097
 237
 172
 205
 390
 1143
 558
 1019
 1703
 436
 550
 1024
 870
 390
 398
 361
 283
 940
 411
 1216
 887
 1159
 146
 528
 621
 284
 360
 1560
 710
 1447
 1503
 336
 335
 1158
 1164
 335
 1754
 1225
 1057
 336
 350
 1
 305
 471
 374
 713
 328
 1729
 85
 946
 384
 1192
 1082
 652
 459
 222
 401
 295
 290
 248
 1406
 551
 605
 1293
 663
 243
 265
 1077
 904
 425
 150
 1160
 966
 446
 1542
 1098
 1260
 359
 1
 1088
 328
 424
 434
 956
 540
 1078
 1207
 1181
 1
 2108
 919
 315
 538
 307
 406
 291
 2153
 897
 171
 1347
 312
 136
 470
 562
 407
 1156
 469
 256
 1578
 18
 359
 1256
 1186
 545
 277
 584
 366
