 0.5
 0.2
 0.2
 0.2
 0.166667
 1
 0.333333
 0.0290825
 0.2
 0.666667
 0.333333
 0.25
 0.102434
 0.5
 0.2
 1
 1
 0.2
 1
 1
 1
 1
 0.333333
 1
 0.142857
 0.0266587
 0.059053
 0.142857
 0.0433152
 0.138432
 0.5
 0.103904
 0.142857
 1
 0.150987
 0.166667
 2
 0.340023
 0.11953
 0.5
 0.142857
 0.285714
 0.181965
 2
 0.0491525
 0.0481154
 0.345177
 0.147377
 0.0722218
 0.0760998
 1.14045
 0.0531034
 0.0226553
 0.0230904
 0.14971
 0.045831
 0.0994842
 0.112953
 0.0322507
 0.0446219
 0.021251
 0.035231
 0.0495091
 0.0236726
 0.0280361
 0.0409362
 0.0787402
 0.0245689
 0.0222616
 0.0243274
 0.0768537
 0.0146986
 0.0224123
 0.0182172
 0.016335
 0.0127513
 0.029628
 0.0153227
 0.0161341
 0.0199658
 0.0149428
 0.0391676
 0.0196735
 0.0730741
 0.0163129
 0.0173097
 0.0339697
 0.0140967
 0.0170868
 0.0556524
 0.0185911
 0.0158941
 0.00547238
 0.00798416
 0.00678214
 0.0918089
 0.0415611
 0.0144819
 0.0211171
 0.0228176
 0.0196312
 0.0306925
 0.0250804
 0.0487147
 0.0311661
 0.00756458
 0.0262702
 0.0527228
 0.0230255
 0.0205569
 0.147927
 0.0198381
 0.0438253
 0.0214077
 0.0542159
 0.0456628
 0.10648
 0.020909
 0.0120996
 0.029052
 0.00522522
 0.00684253
 0.0519533
 0.0211822
 0.0257864
 0.0159745
 0.0675723
 0.0253709
 0.01394
 0.0102891
 0.0311733
 0.0120594
 0.00524106
 0.0760045
 0.0480289
 0.0619438
 0.0516658
 0.0777236
 0.0130322
 0.0409116
 0.0431511
 0.0260197
 0.0429345
 0.0416915
 0.0186054
 0.0832058
 0.0606772
 0.110382
 0.0206419
 0.0227394
 0.0391533
 0.0213417
 0.0317784
 0.0276681
 0.0477858
 0.0240372
 0.0135345
 0.0203265
 0.0245952
 0.0053531
 0.0117061
 0.0159292
 0.0155038
 0.0199736
 0.0107984
 0.0235256
 0.0183168
 0.0200229
 0.0394537
 0.0135384
 0.00447202
 0.0770182
 0.016973
 0.013459
 0.041946
 0.0212648
 0.0381366
 0.0118432
 0.0667652
 0.0208918
 0.0133944
 0.0237026
 0.0177657
 0.0339807
 0.0145506
 0.0343673
 0.071136
 0.0126769
 0.0182643
 0.0302586
 0.0133857
 0.0189143
 0.0926676
 0.0222691
 0.0278375
 0.0168594
 0.0273635
 0.0273821
 0.0220168
 0.0121717
 0.0109028
 0.02489
 0.0219307
 0.0145348
 0.0813129
 0.0257939
 0.00520811
 0.0184124
 0.00483714
 0.0730849
 0.0179097
 0.0418173
 0.0133678
 0.0637241
 0.0700207
 0.0203479
 0.150705
 0.0377684
 0.0332958
 0.0105053
 0.00702533
 0.0168793
 0.0485695
 0.029242
 0.0358376
 0.0242239
 0.0268234
 0.0137126
 0.013688
 0.0210882
 0.0446547
 0.0181122
 0.00892996
 0.047977
 0.0306099
 0.0156764
 0.022765
 0.00586015
 0.0504377
 0.118769
 0.0222091
 0.0194814
 0.0200777
 0.0159823
 0.0234396
 0.0103829
 0.0206381
 0.0143327
 0.0207932
 0.0459073
 0.00851058
 0.00327742
 0.0172348
 0.0155757
 0.021741
 0.0215458
 0.0117018
 0.0371362
 0.0135434
 0.0115807
 0.0157935
 0.0419372
 0.01198
 0.0237995
 0.126234
 0.0298103
 0.00521233
 0.0233234
 0.0169774
 0.0534449
 0.0316883
 0.0063451
 0.0156193
 0.0206477
 0.031837
 0.0172078
 0.0479662
 0.0265888
 0.0151237
 0.0550945
 0.0184509
 0.0222218
 0.00781562
 0.0165614
 0.0862266
 0.0346466
 0.035658
 0.00805174
 0.0161259
 0.0134322
 0.0113289
 0.00984047
 0.0258792
 0.00566229
 0.0185348
 0.0149964
 0.0164994
 0.0241365
 0.0285506
 0.0558539
 0.0133798
 0.0264975
 0.00462555
 0.0315587
 0.00550586
 0.03225
 0.130406
 0.022812
 0.00427069
 0.029346
 0.0205777
 0.0267379
 0.0216273
 0.0219939
 0.010187
 0.011074
 0.0350083
 0.0251861
 0.0213023
 0.023886
 0.0140542
 0.0131178
 0.0176782
 0.0194027
 0.0279826
 0.0157335
 0.0552167
 0.0163011
 0.0125273
 0.0151264
 0.0136598
 0.0238276
 0.0344512
 0.0243725
 0.0224092
 0.00523218
 0.0121876
 0.0325962
 0.0191463
 0.048855
 0.0176754
 0.0183186
 0.0155967
 0.0978383
 0.040319
 0.0117929
